55973.110843 15.116300 0.027162
55980.100145 15.104000 0.024749
55984.126500 15.355000 0.104000
55989.052691 15.035266 0.027854
55999.020770 14.990000 0.059000
56004.026005 15.093000 0.022627
56015.969433 15.055288 0.023302
56019.976987 15.040751 0.033743
56021.024442 15.126700 0.042409
56038.917696 15.066410 0.021558
56043.891362 15.089503 0.021784
56320.064299 15.040395 0.055207
56329.947705 15.017991 0.024916
56344.918319 15.092691 0.044531
56354.974250 15.047000 0.048000
56359.955066 15.061740 0.025802
56360.956581 15.056028 0.025095
56371.951200 15.064004 0.027052
56387.841150 14.950410 0.029339
56392.882021 15.009139 0.025426
56397.896904 15.148650 0.046542
56401.857718 15.053921 0.033144
56452.818340 15.227000 0.067000
56462.753150 14.833000 0.102000
56473.755520 15.094843 0.046399
56619.148682 15.086983 0.074722
56622.140020 15.160000 0.095000
56641.089792 15.095063 0.055848
56649.070167 15.121645 0.062432
56657.048518 15.143558 0.043987
56675.047590 15.090166 0.069161
56700.949409 14.962474 0.055100
56740.835395 15.066538 0.043139
56743.923450 15.124000 0.055000
56755.926260 15.138500 0.095459
56756.792649 14.964866 0.054524
56770.870768 15.056177 0.036042
56781.874889 15.007179 0.051561
56782.869812 15.091144 0.041701
56784.814290 15.062663 0.039011
56787.907057 15.065365 0.059905
56794.879810 15.016165 0.049049
56797.859000 15.088008 0.034158
56799.860424 15.083275 0.035078
56802.841452 15.033040 0.033144
56805.850951 15.123750 0.036749
56808.829881 15.208290 0.051415
56812.802482 15.137041 0.037078
56820.810433 15.017422 0.066684
56822.810832 15.096829 0.055235
56823.792252 15.026481 0.038164
56825.806094 15.121811 0.056942
56827.792533 15.153566 0.037457
56829.793552 15.080904 0.036749
56851.577808 15.108195 0.079866
56858.495915 15.067783 0.032504
56863.497739 15.143418 0.033853
56874.470028 15.229617 0.055032
56878.477050 15.008833 0.059048
56881.466081 15.181787 0.049049
56882.457080 14.873000 0.112000
56888.467507 15.138976 0.057970
56889.465490 15.135721 0.074396
56983.150066 15.212449 0.088961
56989.144346 15.174685 0.053299
56997.854002 14.831827 0.083855
56999.129931 15.125040 0.080481
57000.848275 15.086768 0.075284
57003.855600 15.079000 0.130000
57010.095461 15.150068 0.045897
57010.841725 15.178817 0.043448
57011.836315 15.156910 0.042268
57012.835582 15.016510 0.034454
57013.835393 15.095445 0.038164
57014.830838 15.105660 0.037457
57015.844567 15.038832 0.036042
57016.824129 15.101691 0.038872
57017.796345 15.103342 0.040286
57018.793131 15.157998 0.043139
57019.818482 15.025409 0.024184
57020.800263 15.056214 0.037722
57022.822260 15.068844 0.041962
57025.825260 14.935500 0.049497
57029.789054 15.211163 0.073870
57032.056603 14.970810 0.059195
57037.805986 15.080568 0.037430
57040.052302 15.126048 0.041855
57043.049327 15.128285 0.038299
57045.051610 15.081000 0.053000
57045.801025 15.113619 0.033031
57047.036885 15.016500 0.035355
57048.795148 15.087644 0.034562
57051.038057 15.105394 0.039201
57052.787880 15.061000 0.049000
57053.786471 15.128188 0.048402
57056.032068 15.324803 0.087217
57058.780982 15.017461 0.071336
57065.958385 15.156233 0.042033
57068.761861 15.158714 0.037118
57070.764722 15.100714 0.033743
57073.018248 15.201818 0.042776
57075.884621 15.147043 0.035286
57077.755706 15.156060 0.035731
57079.819116 15.151746 0.025046
57082.922006 15.136524 0.062942
57084.986658 15.049144 0.063592
57092.889863 15.154875 0.056555
57093.772955 15.081419 0.042426
57095.651402 15.158783 0.039947
57097.822648 15.082576 0.035165
57100.728969 15.147312 0.036370
57103.007820 15.199500 0.037477
57103.966462 15.122454 0.038007
57106.948431 15.101276 0.039834
57109.909150 15.132000 0.058000
57111.901681 15.068224 0.050650
57113.910825 15.112981 0.072822
57119.801647 15.263336 0.079021
57121.731671 15.145568 0.047019
57122.874796 15.145115 0.042044
57126.601713 15.094316 0.035662
57130.590326 15.182899 0.034996
57131.583620 15.150000 0.052000
57135.556603 15.232903 0.041855
57136.649769 15.165099 0.035704
57139.671083 15.200520 0.043064
57141.586716 15.105150 0.048422
57147.692881 15.061443 0.068424
57148.768346 15.146438 0.039722
57153.869286 15.133930 0.039428
57156.656210 15.123758 0.032875
57159.554059 15.181554 0.037397
57162.633500 15.170245 0.035165
57165.553242 15.197155 0.068197
57166.666065 15.142505 0.034289
57168.532025 15.101342 0.055527
57169.604276 15.137284 0.046525
57174.622221 15.209985 0.082321
57177.504103 15.115276 0.052671
57179.780568 15.116606 0.040617
57184.581270 15.199000 0.051000
57187.560259 15.181896 0.033144
57190.508081 15.173199 0.036997
57194.532619 15.144388 0.036688
57202.520687 15.117053 0.061734
57205.553426 15.287624 0.083065
57208.521366 14.296400 0.023255
57220.516300 15.142000 0.092000
57221.529744 15.073220 0.058231
57224.510448 15.107208 0.039909
57229.484731 15.113239 0.043330
57236.466028 15.164013 0.044655
57360.147923 15.161762 0.050162
57366.125655 15.247203 0.043389
57369.122679 15.222673 0.042227
57370.114920 15.184443 0.046093
57374.107428 15.161355 0.040187
57379.837963 15.180778 0.040651
57380.834490 15.157000 0.114000
57382.112417 15.163023 0.091923
57387.856132 15.232946 0.056985
57395.842305 15.226584 0.034784
57396.842190 15.223089 0.034094
57398.782616 15.228269 0.037060
57400.087512 15.213761 0.039834
57402.831747 15.232439 0.030767
57405.033961 15.197330 0.032899
57408.016468 15.294493 0.057081
57410.814999 15.305794 0.066536
57412.007464 15.122261 0.075041
57413.105962 15.146876 0.050066
57420.083130 15.286893 0.038732
57421.000026 15.301786 0.039176
57422.832512 15.202361 0.031613
57424.843357 15.261370 0.035239
57425.842666 15.252308 0.035026
57426.850194 15.284479 0.037832
57427.853678 15.237541 0.034445
57428.829469 15.246064 0.033251
57429.840597 15.259749 0.035503
57431.843210 15.279297 0.036853
57433.838289 15.289069 0.036307
57434.837800 15.267973 0.033635
57435.836929 15.256498 0.032692
57436.681872 15.286777 0.060208
57437.889273 15.253894 0.034526
57438.785427 15.245006 0.052766
57439.675600 15.158000 0.125000
57447.909063 15.319287 0.101050
57448.893553 15.309518 0.044928
57451.795680 15.270521 0.032986
57455.802907 15.258251 0.034105
57458.732302 15.245396 0.030690
57461.915917 15.438685 0.073473
57462.873549 15.229722 0.040470
57463.981194 15.248710 0.034445
57467.857100 15.148000 0.113000
57468.879750 15.196000 0.074000
57475.715122 15.277077 0.053466
57478.844637 15.183413 0.043479
57479.743019 15.228051 0.037975
57481.755527 15.295947 0.038026
57485.738253 15.368490 0.038501
57491.781172 15.271528 0.047271
57492.816236 15.318111 0.049551
57495.889139 15.232860 0.058599
57501.949341 15.181056 0.095389
57502.761325 15.229384 0.041881
57506.831479 15.258679 0.035723
57511.916823 15.233525 0.035600
57512.893767 15.247644 0.035543
57515.903818 15.318189 0.037681
57534.711033 15.233132 0.063408
57537.839857 15.316187 0.036853
57541.843547 15.300375 0.049832
57542.795178 15.289623 0.036858
57544.776369 15.246640 0.044731
57545.817435 15.430959 0.040725
57546.826739 15.350076 0.038855
57547.804578 15.342326 0.037122
57549.801174 15.408310 0.042518
57557.576164 15.294587 0.064705
57560.615946 15.368420 0.093137
57561.485914 15.330953 0.044578
57567.617857 15.294643 0.041149
57568.601670 15.321142 0.039244
57573.590630 15.313552 0.039828
57584.473472 15.392957 0.056807
57590.533738 15.197388 0.077444
57591.465731 15.408791 0.054982
57597.525559 15.274047 0.070826
57601.494614 15.217180 0.074230
57602.490041 15.278810 0.038153
57605.494866 15.314687 0.043833
57612.473045 15.281752 0.056581
57736.135074 15.267819 0.103916
57748.160058 15.458006 0.046777
57749.817725 15.487090 0.051562
57751.810641 15.360940 0.047276
57753.807144 15.437786 0.049472
57755.834040 15.500000 0.082000
57756.795878 15.444818 0.046078
57760.055023 15.390370 0.044410
57763.045070 15.454975 0.085911
57768.066897 15.314612 0.064658
57775.177069 15.301814 0.081691
57782.153853 15.357163 0.035967
57785.083527 15.484335 0.040590
57788.050689 15.448781 0.039725
57803.116906 15.438110 0.048788
57805.083736 15.373773 0.039426
57805.784418 15.381069 0.047519
57807.681953 15.461374 0.048623
57809.051578 15.367757 0.039985
57816.970465 15.483058 0.040406
57817.947666 15.451177 0.041127
57818.899212 15.398810 0.051327
57819.895689 15.429179 0.059498
57821.907418 15.391880 0.053703
57823.677886 15.013661 0.085551
57830.034110 15.429716 0.053886
57832.027695 15.457620 0.047682
57834.963573 15.403142 0.039231
57837.975962 15.414737 0.039257
57840.995260 15.428355 0.041469
57844.815043 15.447490 0.046927
57846.797367 15.375455 0.043232
57848.566135 15.402273 0.057038
57849.825430 15.346000 0.073000
57851.847802 15.303475 0.084773
57856.920365 15.327613 0.080461
57858.629104 15.344090 0.053513
57862.648630 15.348000 0.074000
57863.761859 15.431160 0.049417
57865.775029 15.434023 0.045290
57869.846714 15.376465 0.041049
57876.815867 15.360739 0.044627
57879.724432 15.236750 0.086759
57884.889870 15.395000 0.145000
57885.771305 15.364585 0.075635
57889.690307 15.311807 0.053104
57890.514241 15.357582 0.043149
57893.857144 15.384379 0.051262
57895.833704 15.372985 0.039202
57898.839184 15.337592 0.037643
57901.833793 15.425233 0.040010
57904.640009 15.380747 0.038453
57906.662700 15.438963 0.057814
57912.801214 15.258439 0.065809
57913.803890 15.316000 0.133000
57914.801363 15.217904 0.061044
57916.642215 15.313383 0.062088
57918.616344 15.516305 0.098639
57923.770850 15.424000 0.144000
57924.768484 15.417761 0.039501
57929.756497 15.408468 0.051375
57932.608956 15.378275 0.046269
57939.594874 15.176555 0.068359
57943.583440 15.060000 0.132000
57944.515082 15.287873 0.063146
57946.506628 15.268972 0.050190
57952.554460 15.291084 0.044983
57953.543727 15.227272 0.040265
57954.494022 15.356830 0.043449
57958.535957 15.260725 0.041827
57960.525900 15.174000 0.111000
57961.526255 15.379221 0.063682
57966.510996 15.346190 0.057795
57969.501551 15.217762 0.056770
57972.490667 15.180718 0.069273
57979.469446 15.405653 0.057731
58092.139920 15.324000 0.144000
58111.132611 15.351395 0.041569
58114.083690 15.290923 0.039928
58130.793102 15.352032 0.065405
58132.819544 15.267378 0.047699
58133.815881 15.276773 0.042453
58134.815862 15.321655 0.044424
58135.811847 15.313080 0.043998
58136.807603 15.282469 0.043829
58137.807641 15.248863 0.041576
58138.803598 15.268170 0.042448
58139.799547 15.224569 0.042180
58140.799297 15.262406 0.044059
58143.775983 15.287139 0.040889
58144.756343 15.272175 0.041366
58148.082275 15.251046 0.060833
58158.143589 15.549882 0.060057
58159.140495 15.244743 0.042582
58162.069175 15.260067 0.033323
58164.724249 15.337275 0.046163
58171.761453 15.374695 0.048412
58187.938257 15.300556 0.043824
58188.808591 15.324422 0.045466
58199.583818 15.211767 0.044112
58202.699857 15.289036 0.034852
58203.588485 15.360310 0.063957
58204.859227 15.353436 0.047448
58207.000711 15.192051 0.088146
58224.535793 15.245256 0.046744
55973.110843 15.116300 0.027162
55980.100145 15.104000 0.024749
55984.126500 15.355000 0.104000
55989.052691 15.035266 0.027854
55999.020770 14.990000 0.059000
56004.026005 15.093000 0.022627
56015.969433 15.055288 0.023302
56019.976987 15.040751 0.033743
56021.024442 15.126700 0.042409
56038.917696 15.066410 0.021558
56043.891362 15.089503 0.021784
56320.064299 15.040395 0.055207
56329.947705 15.017991 0.024916
56344.918319 15.092691 0.044531
56354.974250 15.047000 0.048000
56359.955066 15.061740 0.025802
56360.956581 15.056028 0.025095
56371.951200 15.064004 0.027052
56387.841150 14.950410 0.029339
56392.882021 15.009139 0.025426
56397.896904 15.148650 0.046542
56401.857718 15.053921 0.033144
56452.818340 15.227000 0.067000
56462.753150 14.833000 0.102000
56473.755520 15.094843 0.046399
56619.148682 15.086983 0.074722
56622.140020 15.160000 0.095000
56641.089792 15.095063 0.055848
56649.070167 15.121645 0.062432
56657.048518 15.143558 0.043987
56675.047590 15.090166 0.069161
56700.949409 14.962474 0.055100
56740.835395 15.066538 0.043139
56743.923450 15.124000 0.055000
56755.926260 15.138500 0.095459
56756.792649 14.964866 0.054524
56770.870768 15.056177 0.036042
56781.874889 15.007179 0.051561
56782.869812 15.091144 0.041701
56784.814290 15.062663 0.039011
56787.907057 15.065365 0.059905
56794.879810 15.016165 0.049049
56797.859000 15.088008 0.034158
56799.860424 15.083275 0.035078
56802.841452 15.033040 0.033144
56805.850951 15.123750 0.036749
56808.829881 15.208290 0.051415
56812.802482 15.137041 0.037078
56820.810433 15.017422 0.066684
56822.810832 15.096829 0.055235
56823.792252 15.026481 0.038164
56825.806094 15.121811 0.056942
56827.792533 15.153566 0.037457
56829.793552 15.080904 0.036749
56851.577808 15.108195 0.079866
56858.495915 15.067783 0.032504
56863.497739 15.143418 0.033853
56874.470028 15.229617 0.055032
56878.477050 15.008833 0.059048
56881.466081 15.181787 0.049049
56882.457080 14.873000 0.112000
56888.467507 15.138976 0.057970
56889.465490 15.135721 0.074396
56983.150066 15.212449 0.088961
56989.144346 15.174685 0.053299
56997.854002 14.831827 0.083855
56999.129931 15.125040 0.080481
57000.848275 15.086768 0.075284
57003.855600 15.079000 0.130000
57010.095461 15.150068 0.045897
57010.841725 15.178817 0.043448
57011.836315 15.156910 0.042268
57012.835582 15.016510 0.034454
57013.835393 15.095445 0.038164
57014.830838 15.105660 0.037457
57015.844567 15.038832 0.036042
57016.824129 15.101691 0.038872
57017.796345 15.103342 0.040286
57018.793131 15.157998 0.043139
57019.818482 15.025409 0.024184
57020.800263 15.056214 0.037722
57022.822260 15.068844 0.041962
57025.825260 14.935500 0.049497
57029.789054 15.211163 0.073870
57032.056603 14.970810 0.059195
57037.805986 15.080568 0.037430
57040.052302 15.126048 0.041855
57043.049327 15.128285 0.038299
57045.051610 15.081000 0.053000
57045.801025 15.113619 0.033031
57047.036885 15.016500 0.035355
57048.795148 15.087644 0.034562
57051.038057 15.105394 0.039201
57052.787880 15.061000 0.049000
57053.786471 15.128188 0.048402
57056.032068 15.324803 0.087217
57058.780982 15.017461 0.071336
57065.958385 15.156233 0.042033
57068.761861 15.158714 0.037118
57070.764722 15.100714 0.033743
57073.018248 15.201818 0.042776
57075.884621 15.147043 0.035286
57077.755706 15.156060 0.035731
57079.819116 15.151746 0.025046
57082.922006 15.136524 0.062942
57084.986658 15.049144 0.063592
57092.889863 15.154875 0.056555
57093.772955 15.081419 0.042426
57095.651402 15.158783 0.039947
57097.822648 15.082576 0.035165
57100.728969 15.147312 0.036370
57103.007820 15.199500 0.037477
57103.966462 15.122454 0.038007
57106.948431 15.101276 0.039834
57109.909150 15.132000 0.058000
57111.901681 15.068224 0.050650
57113.910825 15.112981 0.072822
57119.801647 15.263336 0.079021
57121.731671 15.145568 0.047019
57122.874796 15.145115 0.042044
57126.601713 15.094316 0.035662
57130.590326 15.182899 0.034996
57131.583620 15.150000 0.052000
57135.556603 15.232903 0.041855
57136.649769 15.165099 0.035704
57139.671083 15.200520 0.043064
57141.586716 15.105150 0.048422
57147.692881 15.061443 0.068424
57148.768346 15.146438 0.039722
57153.869286 15.133930 0.039428
57156.656210 15.123758 0.032875
57159.554059 15.181554 0.037397
57162.633500 15.170245 0.035165
57165.553242 15.197155 0.068197
57166.666065 15.142505 0.034289
57168.532025 15.101342 0.055527
57169.604276 15.137284 0.046525
57174.622221 15.209985 0.082321
57177.504103 15.115276 0.052671
57179.780568 15.116606 0.040617
57184.581270 15.199000 0.051000
57187.560259 15.181896 0.033144
57190.508081 15.173199 0.036997
57194.532619 15.144388 0.036688
57202.520687 15.117053 0.061734
57205.553426 15.287624 0.083065
57208.521366 14.296400 0.023255
57220.516300 15.142000 0.092000
57221.529744 15.073220 0.058231
57224.510448 15.107208 0.039909
57229.484731 15.113239 0.043330
57236.466028 15.164013 0.044655
57360.147923 15.161762 0.050162
57366.125655 15.247203 0.043389
57369.122679 15.222673 0.042227
57370.114920 15.184443 0.046093
57374.107428 15.161355 0.040187
57379.837963 15.180778 0.040651
57380.834490 15.157000 0.114000
57382.112417 15.163023 0.091923
57387.856132 15.232946 0.056985
57395.842305 15.226584 0.034784
57396.842190 15.223089 0.034094
57398.782616 15.228269 0.037060
57400.087512 15.213761 0.039834
57402.831747 15.232439 0.030767
57405.033961 15.197330 0.032899
57408.016468 15.294493 0.057081
57410.814999 15.305794 0.066536
57412.007464 15.122261 0.075041
57413.105962 15.146876 0.050066
57420.083130 15.286893 0.038732
57421.000026 15.301786 0.039176
57422.832512 15.202361 0.031613
57424.843357 15.261370 0.035239
57425.842666 15.252308 0.035026
57426.850194 15.284479 0.037832
57427.853678 15.237541 0.034445
57428.829469 15.246064 0.033251
57429.840597 15.259749 0.035503
57431.843210 15.279297 0.036853
57433.838289 15.289069 0.036307
57434.837800 15.267973 0.033635
57435.836929 15.256498 0.032692
57436.681872 15.286777 0.060208
57437.889273 15.253894 0.034526
57438.785427 15.245006 0.052766
57439.675600 15.158000 0.125000
57447.909063 15.319287 0.101050
57448.893553 15.309518 0.044928
57451.795680 15.270521 0.032986
57455.802907 15.258251 0.034105
57458.732302 15.245396 0.030690
57461.915917 15.438685 0.073473
57462.873549 15.229722 0.040470
57463.981194 15.248710 0.034445
57467.857100 15.148000 0.113000
57468.879750 15.196000 0.074000
57475.715122 15.277077 0.053466
57478.844637 15.183413 0.043479
57479.743019 15.228051 0.037975
57481.755527 15.295947 0.038026
57485.738253 15.368490 0.038501
57491.781172 15.271528 0.047271
57492.816236 15.318111 0.049551
57495.889139 15.232860 0.058599
57501.949341 15.181056 0.095389
57502.761325 15.229384 0.041881
57506.831479 15.258679 0.035723
57511.916823 15.233525 0.035600
57512.893767 15.247644 0.035543
57515.903818 15.318189 0.037681
57534.711033 15.233132 0.063408
57537.839857 15.316187 0.036853
57541.843547 15.300375 0.049832
57542.795178 15.289623 0.036858
57544.776369 15.246640 0.044731
57545.817435 15.430959 0.040725
57546.826739 15.350076 0.038855
57547.804578 15.342326 0.037122
57549.801174 15.408310 0.042518
57557.576164 15.294587 0.064705
57560.615946 15.368420 0.093137
57561.485914 15.330953 0.044578
57567.617857 15.294643 0.041149
57568.601670 15.321142 0.039244
57573.590630 15.313552 0.039828
57584.473472 15.392957 0.056807
57590.533738 15.197388 0.077444
57591.465731 15.408791 0.054982
57597.525559 15.274047 0.070826
57601.494614 15.217180 0.074230
57602.490041 15.278810 0.038153
57605.494866 15.314687 0.043833
57612.473045 15.281752 0.056581
57736.135074 15.267819 0.103916
57748.160058 15.458006 0.046777
57749.817725 15.487090 0.051562
57751.810641 15.360940 0.047276
57753.807144 15.437786 0.049472
57755.834040 15.500000 0.082000
57756.795878 15.444818 0.046078
57760.055023 15.390370 0.044410
57763.045070 15.454975 0.085911
57768.066897 15.314612 0.064658
57775.177069 15.301814 0.081691
57782.153853 15.357163 0.035967
57785.083527 15.484335 0.040590
57788.050689 15.448781 0.039725
57803.116906 15.438110 0.048788
57805.083736 15.373773 0.039426
57805.784418 15.381069 0.047519
57807.681953 15.461374 0.048623
57809.051578 15.367757 0.039985
57816.970465 15.483058 0.040406
57817.947666 15.451177 0.041127
57818.899212 15.398810 0.051327
57819.895689 15.429179 0.059498
57821.907418 15.391880 0.053703
57823.677886 15.013661 0.085551
57830.034110 15.429716 0.053886
57832.027695 15.457620 0.047682
57834.963573 15.403142 0.039231
57837.975962 15.414737 0.039257
57840.995260 15.428355 0.041469
57844.815043 15.447490 0.046927
57846.797367 15.375455 0.043232
57848.566135 15.402273 0.057038
57849.825430 15.346000 0.073000
57851.847802 15.303475 0.084773
57856.920365 15.327613 0.080461
57858.629104 15.344090 0.053513
57862.648630 15.348000 0.074000
57863.761859 15.431160 0.049417
57865.775029 15.434023 0.045290
57869.846714 15.376465 0.041049
57876.815867 15.360739 0.044627
57879.724432 15.236750 0.086759
57884.889870 15.395000 0.145000
57885.771305 15.364585 0.075635
57889.690307 15.311807 0.053104
57890.514241 15.357582 0.043149
57893.857144 15.384379 0.051262
57895.833704 15.372985 0.039202
57898.839184 15.337592 0.037643
57901.833793 15.425233 0.040010
57904.640009 15.380747 0.038453
57906.662700 15.438963 0.057814
57912.801214 15.258439 0.065809
57913.803890 15.316000 0.133000
57914.801363 15.217904 0.061044
57916.642215 15.313383 0.062088
57918.616344 15.516305 0.098639
57923.770850 15.424000 0.144000
57924.768484 15.417761 0.039501
57929.756497 15.408468 0.051375
57932.608956 15.378275 0.046269
57939.594874 15.176555 0.068359
57943.583440 15.060000 0.132000
57944.515082 15.287873 0.063146
57946.506628 15.268972 0.050190
57952.554460 15.291084 0.044983
57953.543727 15.227272 0.040265
57954.494022 15.356830 0.043449
57958.535957 15.260725 0.041827
57960.525900 15.174000 0.111000
57961.526255 15.379221 0.063682
57966.510996 15.346190 0.057795
57969.501551 15.217762 0.056770
57972.490667 15.180718 0.069273
57979.469446 15.405653 0.057731
58092.139920 15.324000 0.144000
58111.132611 15.351395 0.041569
58114.083690 15.290923 0.039928
58130.793102 15.352032 0.065405
58132.819544 15.267378 0.047699
58133.815881 15.276773 0.042453
58134.815862 15.321655 0.044424
58135.811847 15.313080 0.043998
58136.807603 15.282469 0.043829
58137.807641 15.248863 0.041576
58138.803598 15.268170 0.042448
58139.799547 15.224569 0.042180
58140.799297 15.262406 0.044059
58143.775983 15.287139 0.040889
58144.756343 15.272175 0.041366
58148.082275 15.251046 0.060833
58158.143589 15.549882 0.060057
58159.140495 15.244743 0.042582
58162.069175 15.260067 0.033323
58164.724249 15.337275 0.046163
58171.761453 15.374695 0.048412
58187.938257 15.300556 0.043824
58188.808591 15.324422 0.045466
58199.583818 15.211767 0.044112
58202.699857 15.289036 0.034852
58203.588485 15.360310 0.063957
58204.859227 15.353436 0.047448
58207.000711 15.192051 0.088146
58224.535793 15.245256 0.046744
55973.110843 15.116300 0.027162
55980.100145 15.104000 0.024749
55984.126500 15.355000 0.104000
55989.052691 15.035266 0.027854
55999.020770 14.990000 0.059000
56004.026005 15.093000 0.022627
56015.969433 15.055288 0.023302
56019.976987 15.040751 0.033743
56021.024442 15.126700 0.042409
56038.917696 15.066410 0.021558
56043.891362 15.089503 0.021784
56320.064299 15.040395 0.055207
56329.947705 15.017991 0.024916
56344.918319 15.092691 0.044531
56354.974250 15.047000 0.048000
56359.955066 15.061740 0.025802
56360.956581 15.056028 0.025095
56371.951200 15.064004 0.027052
56387.841150 14.950410 0.029339
56392.882021 15.009139 0.025426
56397.896904 15.148650 0.046542
56401.857718 15.053921 0.033144
56452.818340 15.227000 0.067000
56462.753150 14.833000 0.102000
56473.755520 15.094843 0.046399
56619.148682 15.086983 0.074722
56622.140020 15.160000 0.095000
56641.089792 15.095063 0.055848
56649.070167 15.121645 0.062432
56657.048518 15.143558 0.043987
56675.047590 15.090166 0.069161
56700.949409 14.962474 0.055100
56740.835395 15.066538 0.043139
56743.923450 15.124000 0.055000
56755.926260 15.138500 0.095459
56756.792649 14.964866 0.054524
56770.870768 15.056177 0.036042
56781.874889 15.007179 0.051561
56782.869812 15.091144 0.041701
56784.814290 15.062663 0.039011
56787.907057 15.065365 0.059905
56794.879810 15.016165 0.049049
56797.859000 15.088008 0.034158
56799.860424 15.083275 0.035078
56802.841452 15.033040 0.033144
56805.850951 15.123750 0.036749
56808.829881 15.208290 0.051415
56812.802482 15.137041 0.037078
56820.810433 15.017422 0.066684
56822.810832 15.096829 0.055235
56823.792252 15.026481 0.038164
56825.806094 15.121811 0.056942
56827.792533 15.153566 0.037457
56829.793552 15.080904 0.036749
56851.577808 15.108195 0.079866
56858.495915 15.067783 0.032504
56863.497739 15.143418 0.033853
56874.470028 15.229617 0.055032
56878.477050 15.008833 0.059048
56881.466081 15.181787 0.049049
56882.457080 14.873000 0.112000
56888.467507 15.138976 0.057970
56889.465490 15.135721 0.074396
56983.150066 15.212449 0.088961
56989.144346 15.174685 0.053299
56997.854002 14.831827 0.083855
56999.129931 15.125040 0.080481
57000.848275 15.086768 0.075284
57003.855600 15.079000 0.130000
57010.095461 15.150068 0.045897
57010.841725 15.178817 0.043448
57011.836315 15.156910 0.042268
57012.835582 15.016510 0.034454
57013.835393 15.095445 0.038164
57014.830838 15.105660 0.037457
57015.844567 15.038832 0.036042
57016.824129 15.101691 0.038872
57017.796345 15.103342 0.040286
57018.793131 15.157998 0.043139
57019.818482 15.025409 0.024184
57020.800263 15.056214 0.037722
57022.822260 15.068844 0.041962
57025.825260 14.935500 0.049497
57029.789054 15.211163 0.073870
57032.056603 14.970810 0.059195
57037.805986 15.080568 0.037430
57040.052302 15.126048 0.041855
57043.049327 15.128285 0.038299
57045.051610 15.081000 0.053000
57045.801025 15.113619 0.033031
57047.036885 15.016500 0.035355
57048.795148 15.087644 0.034562
57051.038057 15.105394 0.039201
57052.787880 15.061000 0.049000
57053.786471 15.128188 0.048402
57056.032068 15.324803 0.087217
57058.780982 15.017461 0.071336
57065.958385 15.156233 0.042033
57068.761861 15.158714 0.037118
57070.764722 15.100714 0.033743
57073.018248 15.201818 0.042776
57075.884621 15.147043 0.035286
57077.755706 15.156060 0.035731
57079.819116 15.151746 0.025046
57082.922006 15.136524 0.062942
57084.986658 15.049144 0.063592
57092.889863 15.154875 0.056555
57093.772955 15.081419 0.042426
57095.651402 15.158783 0.039947
57097.822648 15.082576 0.035165
57100.728969 15.147312 0.036370
57103.007820 15.199500 0.037477
57103.966462 15.122454 0.038007
57106.948431 15.101276 0.039834
57109.909150 15.132000 0.058000
57111.901681 15.068224 0.050650
57113.910825 15.112981 0.072822
57119.801647 15.263336 0.079021
57121.731671 15.145568 0.047019
57122.874796 15.145115 0.042044
57126.601713 15.094316 0.035662
57130.590326 15.182899 0.034996
57131.583620 15.150000 0.052000
57135.556603 15.232903 0.041855
57136.649769 15.165099 0.035704
57139.671083 15.200520 0.043064
57141.586716 15.105150 0.048422
57147.692881 15.061443 0.068424
57148.768346 15.146438 0.039722
57153.869286 15.133930 0.039428
57156.656210 15.123758 0.032875
57159.554059 15.181554 0.037397
57162.633500 15.170245 0.035165
57165.553242 15.197155 0.068197
57166.666065 15.142505 0.034289
57168.532025 15.101342 0.055527
57169.604276 15.137284 0.046525
57174.622221 15.209985 0.082321
57177.504103 15.115276 0.052671
57179.780568 15.116606 0.040617
57184.581270 15.199000 0.051000
57187.560259 15.181896 0.033144
57190.508081 15.173199 0.036997
57194.532619 15.144388 0.036688
57202.520687 15.117053 0.061734
57205.553426 15.287624 0.083065
57208.521366 14.296400 0.023255
57220.516300 15.142000 0.092000
57221.529744 15.073220 0.058231
57224.510448 15.107208 0.039909
57229.484731 15.113239 0.043330
57236.466028 15.164013 0.044655
57360.147923 15.161762 0.050162
57366.125655 15.247203 0.043389
57369.122679 15.222673 0.042227
57370.114920 15.184443 0.046093
57374.107428 15.161355 0.040187
57379.837963 15.180778 0.040651
57380.834490 15.157000 0.114000
57382.112417 15.163023 0.091923
57387.856132 15.232946 0.056985
57395.842305 15.226584 0.034784
57396.842190 15.223089 0.034094
57398.782616 15.228269 0.037060
57400.087512 15.213761 0.039834
57402.831747 15.232439 0.030767
57405.033961 15.197330 0.032899
57408.016468 15.294493 0.057081
57410.814999 15.305794 0.066536
57412.007464 15.122261 0.075041
57413.105962 15.146876 0.050066
57420.083130 15.286893 0.038732
57421.000026 15.301786 0.039176
57422.832512 15.202361 0.031613
57424.843357 15.261370 0.035239
57425.842666 15.252308 0.035026
57426.850194 15.284479 0.037832
57427.853678 15.237541 0.034445
57428.829469 15.246064 0.033251
57429.840597 15.259749 0.035503
57431.843210 15.279297 0.036853
57433.838289 15.289069 0.036307
57434.837800 15.267973 0.033635
57435.836929 15.256498 0.032692
57436.681872 15.286777 0.060208
57437.889273 15.253894 0.034526
57438.785427 15.245006 0.052766
57439.675600 15.158000 0.125000
57447.909063 15.319287 0.101050
57448.893553 15.309518 0.044928
57451.795680 15.270521 0.032986
57455.802907 15.258251 0.034105
57458.732302 15.245396 0.030690
57461.915917 15.438685 0.073473
57462.873549 15.229722 0.040470
57463.981194 15.248710 0.034445
57467.857100 15.148000 0.113000
57468.879750 15.196000 0.074000
57475.715122 15.277077 0.053466
57478.844637 15.183413 0.043479
57479.743019 15.228051 0.037975
57481.755527 15.295947 0.038026
57485.738253 15.368490 0.038501
57491.781172 15.271528 0.047271
57492.816236 15.318111 0.049551
57495.889139 15.232860 0.058599
57501.949341 15.181056 0.095389
57502.761325 15.229384 0.041881
57506.831479 15.258679 0.035723
57511.916823 15.233525 0.035600
57512.893767 15.247644 0.035543
57515.903818 15.318189 0.037681
57534.711033 15.233132 0.063408
57537.839857 15.316187 0.036853
57541.843547 15.300375 0.049832
57542.795178 15.289623 0.036858
57544.776369 15.246640 0.044731
57545.817435 15.430959 0.040725
57546.826739 15.350076 0.038855
57547.804578 15.342326 0.037122
57549.801174 15.408310 0.042518
57557.576164 15.294587 0.064705
57560.615946 15.368420 0.093137
57561.485914 15.330953 0.044578
57567.617857 15.294643 0.041149
57568.601670 15.321142 0.039244
57573.590630 15.313552 0.039828
57584.473472 15.392957 0.056807
57590.533738 15.197388 0.077444
57591.465731 15.408791 0.054982
57597.525559 15.274047 0.070826
57601.494614 15.217180 0.074230
57602.490041 15.278810 0.038153
57605.494866 15.314687 0.043833
57612.473045 15.281752 0.056581
57736.135074 15.267819 0.103916
57748.160058 15.458006 0.046777
57749.817725 15.487090 0.051562
57751.810641 15.360940 0.047276
57753.807144 15.437786 0.049472
57755.834040 15.500000 0.082000
57756.795878 15.444818 0.046078
57760.055023 15.390370 0.044410
57763.045070 15.454975 0.085911
57768.066897 15.314612 0.064658
57775.177069 15.301814 0.081691
57782.153853 15.357163 0.035967
57785.083527 15.484335 0.040590
57788.050689 15.448781 0.039725
57803.116906 15.438110 0.048788
57805.083736 15.373773 0.039426
57805.784418 15.381069 0.047519
57807.681953 15.461374 0.048623
57809.051578 15.367757 0.039985
57816.970465 15.483058 0.040406
57817.947666 15.451177 0.041127
57818.899212 15.398810 0.051327
57819.895689 15.429179 0.059498
57821.907418 15.391880 0.053703
57823.677886 15.013661 0.085551
57830.034110 15.429716 0.053886
57832.027695 15.457620 0.047682
57834.963573 15.403142 0.039231
57837.975962 15.414737 0.039257
57840.995260 15.428355 0.041469
57844.815043 15.447490 0.046927
57846.797367 15.375455 0.043232
57848.566135 15.402273 0.057038
57849.825430 15.346000 0.073000
57851.847802 15.303475 0.084773
57856.920365 15.327613 0.080461
57858.629104 15.344090 0.053513
57862.648630 15.348000 0.074000
57863.761859 15.431160 0.049417
57865.775029 15.434023 0.045290
57869.846714 15.376465 0.041049
57876.815867 15.360739 0.044627
57879.724432 15.236750 0.086759
57884.889870 15.395000 0.145000
57885.771305 15.364585 0.075635
57889.690307 15.311807 0.053104
57890.514241 15.357582 0.043149
57893.857144 15.384379 0.051262
57895.833704 15.372985 0.039202
57898.839184 15.337592 0.037643
57901.833793 15.425233 0.040010
57904.640009 15.380747 0.038453
57906.662700 15.438963 0.057814
57912.801214 15.258439 0.065809
57913.803890 15.316000 0.133000
57914.801363 15.217904 0.061044
57916.642215 15.313383 0.062088
57918.616344 15.516305 0.098639
57923.770850 15.424000 0.144000
57924.768484 15.417761 0.039501
57929.756497 15.408468 0.051375
57932.608956 15.378275 0.046269
57939.594874 15.176555 0.068359
57943.583440 15.060000 0.132000
57944.515082 15.287873 0.063146
57946.506628 15.268972 0.050190
57952.554460 15.291084 0.044983
57953.543727 15.227272 0.040265
57954.494022 15.356830 0.043449
57958.535957 15.260725 0.041827
57960.525900 15.174000 0.111000
57961.526255 15.379221 0.063682
57966.510996 15.346190 0.057795
57969.501551 15.217762 0.056770
57972.490667 15.180718 0.069273
57979.469446 15.405653 0.057731
58092.139920 15.324000 0.144000
58111.132611 15.351395 0.041569
58114.083690 15.290923 0.039928
58130.793102 15.352032 0.065405
58132.819544 15.267378 0.047699
58133.815881 15.276773 0.042453
58134.815862 15.321655 0.044424
58135.811847 15.313080 0.043998
58136.807603 15.282469 0.043829
58137.807641 15.248863 0.041576
58138.803598 15.268170 0.042448
58139.799547 15.224569 0.042180
58140.799297 15.262406 0.044059
58143.775983 15.287139 0.040889
58144.756343 15.272175 0.041366
58148.082275 15.251046 0.060833
58158.143589 15.549882 0.060057
58159.140495 15.244743 0.042582
58162.069175 15.260067 0.033323
58164.724249 15.337275 0.046163
58171.761453 15.374695 0.048412
58187.938257 15.300556 0.043824
58188.808591 15.324422 0.045466
58199.583818 15.211767 0.044112
58202.699857 15.289036 0.034852
58203.588485 15.360310 0.063957
58204.859227 15.353436 0.047448
58207.000711 15.192051 0.088146
58224.535793 15.245256 0.046744
55973.110843 15.116300 0.027162
55980.100145 15.104000 0.024749
55984.126500 15.355000 0.104000
55989.052691 15.035266 0.027854
55999.020770 14.990000 0.059000
56004.026005 15.093000 0.022627
56015.969433 15.055288 0.023302
56019.976987 15.040751 0.033743
56021.024442 15.126700 0.042409
56038.917696 15.066410 0.021558
56043.891362 15.089503 0.021784
56320.064299 15.040395 0.055207
56329.947705 15.017991 0.024916
56344.918319 15.092691 0.044531
56354.974250 15.047000 0.048000
56359.955066 15.061740 0.025802
56360.956581 15.056028 0.025095
56371.951200 15.064004 0.027052
56387.841150 14.950410 0.029339
56392.882021 15.009139 0.025426
56397.896904 15.148650 0.046542
56401.857718 15.053921 0.033144
56452.818340 15.227000 0.067000
56462.753150 14.833000 0.102000
56473.755520 15.094843 0.046399
56619.148682 15.086983 0.074722
56622.140020 15.160000 0.095000
56641.089792 15.095063 0.055848
56649.070167 15.121645 0.062432
56657.048518 15.143558 0.043987
56675.047590 15.090166 0.069161
56700.949409 14.962474 0.055100
56740.835395 15.066538 0.043139
56743.923450 15.124000 0.055000
56755.926260 15.138500 0.095459
56756.792649 14.964866 0.054524
56770.870768 15.056177 0.036042
56781.874889 15.007179 0.051561
56782.869812 15.091144 0.041701
56784.814290 15.062663 0.039011
56787.907057 15.065365 0.059905
56794.879810 15.016165 0.049049
56797.859000 15.088008 0.034158
56799.860424 15.083275 0.035078
56802.841452 15.033040 0.033144
56805.850951 15.123750 0.036749
56808.829881 15.208290 0.051415
56812.802482 15.137041 0.037078
56820.810433 15.017422 0.066684
56822.810832 15.096829 0.055235
56823.792252 15.026481 0.038164
56825.806094 15.121811 0.056942
56827.792533 15.153566 0.037457
56829.793552 15.080904 0.036749
56851.577808 15.108195 0.079866
56858.495915 15.067783 0.032504
56863.497739 15.143418 0.033853
56874.470028 15.229617 0.055032
56878.477050 15.008833 0.059048
56881.466081 15.181787 0.049049
56882.457080 14.873000 0.112000
56888.467507 15.138976 0.057970
56889.465490 15.135721 0.074396
56983.150066 15.212449 0.088961
56989.144346 15.174685 0.053299
56997.854002 14.831827 0.083855
56999.129931 15.125040 0.080481
57000.848275 15.086768 0.075284
57003.855600 15.079000 0.130000
57010.095461 15.150068 0.045897
57010.841725 15.178817 0.043448
57011.836315 15.156910 0.042268
57012.835582 15.016510 0.034454
57013.835393 15.095445 0.038164
57014.830838 15.105660 0.037457
57015.844567 15.038832 0.036042
57016.824129 15.101691 0.038872
57017.796345 15.103342 0.040286
57018.793131 15.157998 0.043139
57019.818482 15.025409 0.024184
57020.800263 15.056214 0.037722
57022.822260 15.068844 0.041962
57025.825260 14.935500 0.049497
57029.789054 15.211163 0.073870
57032.056603 14.970810 0.059195
57037.805986 15.080568 0.037430
57040.052302 15.126048 0.041855
57043.049327 15.128285 0.038299
57045.051610 15.081000 0.053000
57045.801025 15.113619 0.033031
57047.036885 15.016500 0.035355
57048.795148 15.087644 0.034562
57051.038057 15.105394 0.039201
57052.787880 15.061000 0.049000
57053.786471 15.128188 0.048402
57056.032068 15.324803 0.087217
57058.780982 15.017461 0.071336
57065.958385 15.156233 0.042033
57068.761861 15.158714 0.037118
57070.764722 15.100714 0.033743
57073.018248 15.201818 0.042776
57075.884621 15.147043 0.035286
57077.755706 15.156060 0.035731
57079.819116 15.151746 0.025046
57082.922006 15.136524 0.062942
57084.986658 15.049144 0.063592
57092.889863 15.154875 0.056555
57093.772955 15.081419 0.042426
57095.651402 15.158783 0.039947
57097.822648 15.082576 0.035165
57100.728969 15.147312 0.036370
57103.007820 15.199500 0.037477
57103.966462 15.122454 0.038007
57106.948431 15.101276 0.039834
57109.909150 15.132000 0.058000
57111.901681 15.068224 0.050650
57113.910825 15.112981 0.072822
57119.801647 15.263336 0.079021
57121.731671 15.145568 0.047019
57122.874796 15.145115 0.042044
57126.601713 15.094316 0.035662
57130.590326 15.182899 0.034996
57131.583620 15.150000 0.052000
57135.556603 15.232903 0.041855
57136.649769 15.165099 0.035704
57139.671083 15.200520 0.043064
57141.586716 15.105150 0.048422
57147.692881 15.061443 0.068424
57148.768346 15.146438 0.039722
57153.869286 15.133930 0.039428
57156.656210 15.123758 0.032875
57159.554059 15.181554 0.037397
57162.633500 15.170245 0.035165
57165.553242 15.197155 0.068197
57166.666065 15.142505 0.034289
57168.532025 15.101342 0.055527
57169.604276 15.137284 0.046525
57174.622221 15.209985 0.082321
57177.504103 15.115276 0.052671
57179.780568 15.116606 0.040617
57184.581270 15.199000 0.051000
57187.560259 15.181896 0.033144
57190.508081 15.173199 0.036997
57194.532619 15.144388 0.036688
57202.520687 15.117053 0.061734
57205.553426 15.287624 0.083065
57208.521366 14.296400 0.023255
57220.516300 15.142000 0.092000
57221.529744 15.073220 0.058231
57224.510448 15.107208 0.039909
57229.484731 15.113239 0.043330
57236.466028 15.164013 0.044655
57360.147923 15.161762 0.050162
57366.125655 15.247203 0.043389
57369.122679 15.222673 0.042227
57370.114920 15.184443 0.046093
57374.107428 15.161355 0.040187
57379.837963 15.180778 0.040651
57380.834490 15.157000 0.114000
57382.112417 15.163023 0.091923
57387.856132 15.232946 0.056985
57395.842305 15.226584 0.034784
57396.842190 15.223089 0.034094
57398.782616 15.228269 0.037060
57400.087512 15.213761 0.039834
57402.831747 15.232439 0.030767
57405.033961 15.197330 0.032899
57408.016468 15.294493 0.057081
57410.814999 15.305794 0.066536
57412.007464 15.122261 0.075041
57413.105962 15.146876 0.050066
57420.083130 15.286893 0.038732
57421.000026 15.301786 0.039176
57422.832512 15.202361 0.031613
57424.843357 15.261370 0.035239
57425.842666 15.252308 0.035026
57426.850194 15.284479 0.037832
57427.853678 15.237541 0.034445
57428.829469 15.246064 0.033251
57429.840597 15.259749 0.035503
57431.843210 15.279297 0.036853
57433.838289 15.289069 0.036307
57434.837800 15.267973 0.033635
57435.836929 15.256498 0.032692
57436.681872 15.286777 0.060208
57437.889273 15.253894 0.034526
57438.785427 15.245006 0.052766
57439.675600 15.158000 0.125000
57447.909063 15.319287 0.101050
57448.893553 15.309518 0.044928
57451.795680 15.270521 0.032986
57455.802907 15.258251 0.034105
57458.732302 15.245396 0.030690
57461.915917 15.438685 0.073473
57462.873549 15.229722 0.040470
57463.981194 15.248710 0.034445
57467.857100 15.148000 0.113000
57468.879750 15.196000 0.074000
57475.715122 15.277077 0.053466
57478.844637 15.183413 0.043479
57479.743019 15.228051 0.037975
57481.755527 15.295947 0.038026
57485.738253 15.368490 0.038501
57491.781172 15.271528 0.047271
57492.816236 15.318111 0.049551
57495.889139 15.232860 0.058599
57501.949341 15.181056 0.095389
57502.761325 15.229384 0.041881
57506.831479 15.258679 0.035723
57511.916823 15.233525 0.035600
57512.893767 15.247644 0.035543
57515.903818 15.318189 0.037681
57534.711033 15.233132 0.063408
57537.839857 15.316187 0.036853
57541.843547 15.300375 0.049832
57542.795178 15.289623 0.036858
57544.776369 15.246640 0.044731
57545.817435 15.430959 0.040725
57546.826739 15.350076 0.038855
57547.804578 15.342326 0.037122
57549.801174 15.408310 0.042518
57557.576164 15.294587 0.064705
57560.615946 15.368420 0.093137
57561.485914 15.330953 0.044578
57567.617857 15.294643 0.041149
57568.601670 15.321142 0.039244
57573.590630 15.313552 0.039828
57584.473472 15.392957 0.056807
57590.533738 15.197388 0.077444
57591.465731 15.408791 0.054982
57597.525559 15.274047 0.070826
57601.494614 15.217180 0.074230
57602.490041 15.278810 0.038153
57605.494866 15.314687 0.043833
57612.473045 15.281752 0.056581
57736.135074 15.267819 0.103916
57748.160058 15.458006 0.046777
57749.817725 15.487090 0.051562
57751.810641 15.360940 0.047276
57753.807144 15.437786 0.049472
57755.834040 15.500000 0.082000
57756.795878 15.444818 0.046078
57760.055023 15.390370 0.044410
57763.045070 15.454975 0.085911
57768.066897 15.314612 0.064658
57775.177069 15.301814 0.081691
57782.153853 15.357163 0.035967
57785.083527 15.484335 0.040590
57788.050689 15.448781 0.039725
57803.116906 15.438110 0.048788
57805.083736 15.373773 0.039426
57805.784418 15.381069 0.047519
57807.681953 15.461374 0.048623
57809.051578 15.367757 0.039985
57816.970465 15.483058 0.040406
57817.947666 15.451177 0.041127
57818.899212 15.398810 0.051327
57819.895689 15.429179 0.059498
57821.907418 15.391880 0.053703
57823.677886 15.013661 0.085551
57830.034110 15.429716 0.053886
57832.027695 15.457620 0.047682
57834.963573 15.403142 0.039231
57837.975962 15.414737 0.039257
57840.995260 15.428355 0.041469
57844.815043 15.447490 0.046927
57846.797367 15.375455 0.043232
57848.566135 15.402273 0.057038
57849.825430 15.346000 0.073000
57851.847802 15.303475 0.084773
57856.920365 15.327613 0.080461
57858.629104 15.344090 0.053513
57862.648630 15.348000 0.074000
57863.761859 15.431160 0.049417
57865.775029 15.434023 0.045290
57869.846714 15.376465 0.041049
57876.815867 15.360739 0.044627
57879.724432 15.236750 0.086759
57884.889870 15.395000 0.145000
57885.771305 15.364585 0.075635
57889.690307 15.311807 0.053104
57890.514241 15.357582 0.043149
57893.857144 15.384379 0.051262
57895.833704 15.372985 0.039202
57898.839184 15.337592 0.037643
57901.833793 15.425233 0.040010
57904.640009 15.380747 0.038453
57906.662700 15.438963 0.057814
57912.801214 15.258439 0.065809
57913.803890 15.316000 0.133000
57914.801363 15.217904 0.061044
57916.642215 15.313383 0.062088
57918.616344 15.516305 0.098639
57923.770850 15.424000 0.144000
57924.768484 15.417761 0.039501
57929.756497 15.408468 0.051375
57932.608956 15.378275 0.046269
57939.594874 15.176555 0.068359
57943.583440 15.060000 0.132000
57944.515082 15.287873 0.063146
57946.506628 15.268972 0.050190
57952.554460 15.291084 0.044983
57953.543727 15.227272 0.040265
57954.494022 15.356830 0.043449
57958.535957 15.260725 0.041827
57960.525900 15.174000 0.111000
57961.526255 15.379221 0.063682
57966.510996 15.346190 0.057795
57969.501551 15.217762 0.056770
57972.490667 15.180718 0.069273
57979.469446 15.405653 0.057731
58092.139920 15.324000 0.144000
58111.132611 15.351395 0.041569
58114.083690 15.290923 0.039928
58130.793102 15.352032 0.065405
58132.819544 15.267378 0.047699
58133.815881 15.276773 0.042453
58134.815862 15.321655 0.044424
58135.811847 15.313080 0.043998
58136.807603 15.282469 0.043829
58137.807641 15.248863 0.041576
58138.803598 15.268170 0.042448
58139.799547 15.224569 0.042180
58140.799297 15.262406 0.044059
58143.775983 15.287139 0.040889
58144.756343 15.272175 0.041366
58148.082275 15.251046 0.060833
58158.143589 15.549882 0.060057
58159.140495 15.244743 0.042582
58162.069175 15.260067 0.033323
58164.724249 15.337275 0.046163
58171.761453 15.374695 0.048412
58187.938257 15.300556 0.043824
58188.808591 15.324422 0.045466
58199.583818 15.211767 0.044112
58202.699857 15.289036 0.034852
58203.588485 15.360310 0.063957
58204.859227 15.353436 0.047448
58207.000711 15.192051 0.088146
58224.535793 15.245256 0.046744
55973.110843 15.116300 0.027162
55980.100145 15.104000 0.024749
55984.126500 15.355000 0.104000
55989.052691 15.035266 0.027854
55999.020770 14.990000 0.059000
56004.026005 15.093000 0.022627
56015.969433 15.055288 0.023302
56019.976987 15.040751 0.033743
56021.024442 15.126700 0.042409
56038.917696 15.066410 0.021558
56043.891362 15.089503 0.021784
56320.064299 15.040395 0.055207
56329.947705 15.017991 0.024916
56344.918319 15.092691 0.044531
56354.974250 15.047000 0.048000
56359.955066 15.061740 0.025802
56360.956581 15.056028 0.025095
56371.951200 15.064004 0.027052
56387.841150 14.950410 0.029339
56392.882021 15.009139 0.025426
56397.896904 15.148650 0.046542
56401.857718 15.053921 0.033144
56452.818340 15.227000 0.067000
56462.753150 14.833000 0.102000
56473.755520 15.094843 0.046399
56619.148682 15.086983 0.074722
56622.140020 15.160000 0.095000
56641.089792 15.095063 0.055848
56649.070167 15.121645 0.062432
56657.048518 15.143558 0.043987
56675.047590 15.090166 0.069161
56700.949409 14.962474 0.055100
56740.835395 15.066538 0.043139
56743.923450 15.124000 0.055000
56755.926260 15.138500 0.095459
56756.792649 14.964866 0.054524
56770.870768 15.056177 0.036042
56781.874889 15.007179 0.051561
56782.869812 15.091144 0.041701
56784.814290 15.062663 0.039011
56787.907057 15.065365 0.059905
56794.879810 15.016165 0.049049
56797.859000 15.088008 0.034158
56799.860424 15.083275 0.035078
56802.841452 15.033040 0.033144
56805.850951 15.123750 0.036749
56808.829881 15.208290 0.051415
56812.802482 15.137041 0.037078
56820.810433 15.017422 0.066684
56822.810832 15.096829 0.055235
56823.792252 15.026481 0.038164
56825.806094 15.121811 0.056942
56827.792533 15.153566 0.037457
56829.793552 15.080904 0.036749
56851.577808 15.108195 0.079866
56858.495915 15.067783 0.032504
56863.497739 15.143418 0.033853
56874.470028 15.229617 0.055032
56878.477050 15.008833 0.059048
56881.466081 15.181787 0.049049
56882.457080 14.873000 0.112000
56888.467507 15.138976 0.057970
56889.465490 15.135721 0.074396
56983.150066 15.212449 0.088961
56989.144346 15.174685 0.053299
56997.854002 14.831827 0.083855
56999.129931 15.125040 0.080481
57000.848275 15.086768 0.075284
57003.855600 15.079000 0.130000
57010.095461 15.150068 0.045897
57010.841725 15.178817 0.043448
57011.836315 15.156910 0.042268
57012.835582 15.016510 0.034454
57013.835393 15.095445 0.038164
57014.830838 15.105660 0.037457
57015.844567 15.038832 0.036042
57016.824129 15.101691 0.038872
57017.796345 15.103342 0.040286
57018.793131 15.157998 0.043139
57019.818482 15.025409 0.024184
57020.800263 15.056214 0.037722
57022.822260 15.068844 0.041962
57025.825260 14.935500 0.049497
57029.789054 15.211163 0.073870
57032.056603 14.970810 0.059195
57037.805986 15.080568 0.037430
57040.052302 15.126048 0.041855
57043.049327 15.128285 0.038299
57045.051610 15.081000 0.053000
57045.801025 15.113619 0.033031
57047.036885 15.016500 0.035355
57048.795148 15.087644 0.034562
57051.038057 15.105394 0.039201
57052.787880 15.061000 0.049000
57053.786471 15.128188 0.048402
57056.032068 15.324803 0.087217
57058.780982 15.017461 0.071336
57065.958385 15.156233 0.042033
57068.761861 15.158714 0.037118
57070.764722 15.100714 0.033743
57073.018248 15.201818 0.042776
57075.884621 15.147043 0.035286
57077.755706 15.156060 0.035731
57079.819116 15.151746 0.025046
57082.922006 15.136524 0.062942
57084.986658 15.049144 0.063592
57092.889863 15.154875 0.056555
57093.772955 15.081419 0.042426
57095.651402 15.158783 0.039947
57097.822648 15.082576 0.035165
57100.728969 15.147312 0.036370
57103.007820 15.199500 0.037477
57103.966462 15.122454 0.038007
57106.948431 15.101276 0.039834
57109.909150 15.132000 0.058000
57111.901681 15.068224 0.050650
57113.910825 15.112981 0.072822
57119.801647 15.263336 0.079021
57121.731671 15.145568 0.047019
57122.874796 15.145115 0.042044
57126.601713 15.094316 0.035662
57130.590326 15.182899 0.034996
57131.583620 15.150000 0.052000
57135.556603 15.232903 0.041855
57136.649769 15.165099 0.035704
57139.671083 15.200520 0.043064
57141.586716 15.105150 0.048422
57147.692881 15.061443 0.068424
57148.768346 15.146438 0.039722
57153.869286 15.133930 0.039428
57156.656210 15.123758 0.032875
57159.554059 15.181554 0.037397
57162.633500 15.170245 0.035165
57165.553242 15.197155 0.068197
57166.666065 15.142505 0.034289
57168.532025 15.101342 0.055527
57169.604276 15.137284 0.046525
57174.622221 15.209985 0.082321
57177.504103 15.115276 0.052671
57179.780568 15.116606 0.040617
57184.581270 15.199000 0.051000
57187.560259 15.181896 0.033144
57190.508081 15.173199 0.036997
57194.532619 15.144388 0.036688
57202.520687 15.117053 0.061734
57205.553426 15.287624 0.083065
57208.521366 14.296400 0.023255
57220.516300 15.142000 0.092000
57221.529744 15.073220 0.058231
57224.510448 15.107208 0.039909
57229.484731 15.113239 0.043330
57236.466028 15.164013 0.044655
57360.147923 15.161762 0.050162
57366.125655 15.247203 0.043389
57369.122679 15.222673 0.042227
57370.114920 15.184443 0.046093
57374.107428 15.161355 0.040187
57379.837963 15.180778 0.040651
57380.834490 15.157000 0.114000
57382.112417 15.163023 0.091923
57387.856132 15.232946 0.056985
57395.842305 15.226584 0.034784
57396.842190 15.223089 0.034094
57398.782616 15.228269 0.037060
57400.087512 15.213761 0.039834
57402.831747 15.232439 0.030767
57405.033961 15.197330 0.032899
57408.016468 15.294493 0.057081
57410.814999 15.305794 0.066536
57412.007464 15.122261 0.075041
57413.105962 15.146876 0.050066
57420.083130 15.286893 0.038732
57421.000026 15.301786 0.039176
57422.832512 15.202361 0.031613
57424.843357 15.261370 0.035239
57425.842666 15.252308 0.035026
57426.850194 15.284479 0.037832
57427.853678 15.237541 0.034445
57428.829469 15.246064 0.033251
57429.840597 15.259749 0.035503
57431.843210 15.279297 0.036853
57433.838289 15.289069 0.036307
57434.837800 15.267973 0.033635
57435.836929 15.256498 0.032692
57436.681872 15.286777 0.060208
57437.889273 15.253894 0.034526
57438.785427 15.245006 0.052766
57439.675600 15.158000 0.125000
57447.909063 15.319287 0.101050
57448.893553 15.309518 0.044928
57451.795680 15.270521 0.032986
57455.802907 15.258251 0.034105
57458.732302 15.245396 0.030690
57461.915917 15.438685 0.073473
57462.873549 15.229722 0.040470
57463.981194 15.248710 0.034445
57467.857100 15.148000 0.113000
57468.879750 15.196000 0.074000
57475.715122 15.277077 0.053466
57478.844637 15.183413 0.043479
57479.743019 15.228051 0.037975
57481.755527 15.295947 0.038026
57485.738253 15.368490 0.038501
57491.781172 15.271528 0.047271
57492.816236 15.318111 0.049551
57495.889139 15.232860 0.058599
57501.949341 15.181056 0.095389
57502.761325 15.229384 0.041881
57506.831479 15.258679 0.035723
57511.916823 15.233525 0.035600
57512.893767 15.247644 0.035543
57515.903818 15.318189 0.037681
57534.711033 15.233132 0.063408
57537.839857 15.316187 0.036853
57541.843547 15.300375 0.049832
57542.795178 15.289623 0.036858
57544.776369 15.246640 0.044731
57545.817435 15.430959 0.040725
57546.826739 15.350076 0.038855
57547.804578 15.342326 0.037122
57549.801174 15.408310 0.042518
57557.576164 15.294587 0.064705
57560.615946 15.368420 0.093137
57561.485914 15.330953 0.044578
57567.617857 15.294643 0.041149
57568.601670 15.321142 0.039244
57573.590630 15.313552 0.039828
57584.473472 15.392957 0.056807
57590.533738 15.197388 0.077444
57591.465731 15.408791 0.054982
57597.525559 15.274047 0.070826
57601.494614 15.217180 0.074230
57602.490041 15.278810 0.038153
57605.494866 15.314687 0.043833
57612.473045 15.281752 0.056581
57736.135074 15.267819 0.103916
57748.160058 15.458006 0.046777
57749.817725 15.487090 0.051562
57751.810641 15.360940 0.047276
57753.807144 15.437786 0.049472
57755.834040 15.500000 0.082000
57756.795878 15.444818 0.046078
57760.055023 15.390370 0.044410
57763.045070 15.454975 0.085911
57768.066897 15.314612 0.064658
57775.177069 15.301814 0.081691
57782.153853 15.357163 0.035967
57785.083527 15.484335 0.040590
57788.050689 15.448781 0.039725
57803.116906 15.438110 0.048788
57805.083736 15.373773 0.039426
57805.784418 15.381069 0.047519
57807.681953 15.461374 0.048623
57809.051578 15.367757 0.039985
57816.970465 15.483058 0.040406
57817.947666 15.451177 0.041127
57818.899212 15.398810 0.051327
57819.895689 15.429179 0.059498
57821.907418 15.391880 0.053703
57823.677886 15.013661 0.085551
57830.034110 15.429716 0.053886
57832.027695 15.457620 0.047682
57834.963573 15.403142 0.039231
57837.975962 15.414737 0.039257
57840.995260 15.428355 0.041469
57844.815043 15.447490 0.046927
57846.797367 15.375455 0.043232
57848.566135 15.402273 0.057038
57849.825430 15.346000 0.073000
57851.847802 15.303475 0.084773
57856.920365 15.327613 0.080461
57858.629104 15.344090 0.053513
57862.648630 15.348000 0.074000
57863.761859 15.431160 0.049417
57865.775029 15.434023 0.045290
57869.846714 15.376465 0.041049
57876.815867 15.360739 0.044627
57879.724432 15.236750 0.086759
57884.889870 15.395000 0.145000
57885.771305 15.364585 0.075635
57889.690307 15.311807 0.053104
57890.514241 15.357582 0.043149
57893.857144 15.384379 0.051262
57895.833704 15.372985 0.039202
57898.839184 15.337592 0.037643
57901.833793 15.425233 0.040010
57904.640009 15.380747 0.038453
57906.662700 15.438963 0.057814
57912.801214 15.258439 0.065809
57913.803890 15.316000 0.133000
57914.801363 15.217904 0.061044
57916.642215 15.313383 0.062088
57918.616344 15.516305 0.098639
57923.770850 15.424000 0.144000
57924.768484 15.417761 0.039501
57929.756497 15.408468 0.051375
57932.608956 15.378275 0.046269
57939.594874 15.176555 0.068359
57943.583440 15.060000 0.132000
57944.515082 15.287873 0.063146
57946.506628 15.268972 0.050190
57952.554460 15.291084 0.044983
57953.543727 15.227272 0.040265
57954.494022 15.356830 0.043449
57958.535957 15.260725 0.041827
57960.525900 15.174000 0.111000
57961.526255 15.379221 0.063682
57966.510996 15.346190 0.057795
57969.501551 15.217762 0.056770
57972.490667 15.180718 0.069273
57979.469446 15.405653 0.057731
58092.139920 15.324000 0.144000
58111.132611 15.351395 0.041569
58114.083690 15.290923 0.039928
58130.793102 15.352032 0.065405
58132.819544 15.267378 0.047699
58133.815881 15.276773 0.042453
58134.815862 15.321655 0.044424
58135.811847 15.313080 0.043998
58136.807603 15.282469 0.043829
58137.807641 15.248863 0.041576
58138.803598 15.268170 0.042448
58139.799547 15.224569 0.042180
58140.799297 15.262406 0.044059
58143.775983 15.287139 0.040889
58144.756343 15.272175 0.041366
58148.082275 15.251046 0.060833
58158.143589 15.549882 0.060057
58159.140495 15.244743 0.042582
58162.069175 15.260067 0.033323
58164.724249 15.337275 0.046163
58171.761453 15.374695 0.048412
58187.938257 15.300556 0.043824
58188.808591 15.324422 0.045466
58199.583818 15.211767 0.044112
58202.699857 15.289036 0.034852
58203.588485 15.360310 0.063957
58204.859227 15.353436 0.047448
58207.000711 15.192051 0.088146
58224.535793 15.245256 0.046744
